0
0
0
0
0
0
0
1
0
0
0
3
0
0
1
45
1
0
0
0
0
0
0
0
0
0
7
3
2
38
0
0
0
0
0
0
0
0
0
0
0
0
0
0
0
11
6
14
19
0
14
20
23
25
10
4
30
133
16
32
2
0
2
0
3
20
24
0
0
0
0
0
0
0
1
0
0
0
0
0
0
0
0
0
0
0
0
0
0
30
36
113
21
62
7
13
4
11
2
0
13
2
11
36
7
9
7
10
4
64
30
2
2
9
4
4
0
0
19
11
11
0
0
53
0
4
0
38
0
0
0
28
0
0
6
0
0
0
0
0
1
0
1
0
39
0
7
0
1
0
0
6
0
0
0
0
0
7
5
0
0
0
0
4
0
0
0
0
0
38
53
0
0
0
0
0
0
0
0
0
0
0
0
0
0
0
0
0
0
0
0
0
0
6
0
0
0
0
0
0
0
1
1
0
0
0
0
0
0
0
0
15
0
0
0
0
0
0
0
0
1
3
0
0
0
0
0
0
0
0
0
0
0
0
0
0
0
0
0
0
0
0
0
0
0
0
0
0
0
0
0
0
0
0
0
0
0
0
0
0
0
0
0
0
0
0
0
0
0
0
0
0
0
0
0
0
0
0
0
0
0
0
2
0
5
0
1
0
0
0
0
0
0
0
0
0
0
0
0
0
0
0
0
0
0
0
0
0
0
0
0
0
0
0
0
0
0
0
0
0
0
0
0
0
0
0
0
0
0
0
0
0
0
0
0
0
0
0
0
0
7
0
0
9
0
13
17
7
10
4
16
6
0
0
0
0
0
0
0
0
0
0
0
0
0
0
0
0
0
0
0
0
0
0
0
0
0
0
0
0
0
0
0
0
0
0
0
0
0
0
0
0
0
0
0
0
0
0
0
0
0
0
0
0
0
0
0
0
0
0
0
0
0
0
0
0
0
1
0
0
0
0
0
0
0
0
0
0
0
0
0
0
0
0
0
0
0
0
0
0
0
0
0
0
0
0
0
0
0
0
0
0
0
0
0
0
0
0
0
0
0
0
0
0
0
0
0
0
0
0
0
0
1
0
0
0
0
0
0
1
0
0
0
0
0
2
0
2
0
0
0
0
0
0
0
0
0
0
1
0
0
0
0
0
0
0
0
0
0
0
0
0
1
0
0
1
0
0
0
0
0
0
0
0
0
0
0
0
0
0
0
1
0
0
0
0
0
0
0
0
0
1
0
0
0
0
0
1
0
0
0
0
0
0
0
0
0
0
0
0
0
0
0
0
0
0
0
0
0
0
0
0
0
0
0
0
0
0
0
0
0
0
0
0
0
1
0
0
0
0
0
0
0
0
0
0
0
0
0
0
0
0
0
0
0
0
0
0
0
0
0
0
2
0
0
0
0
0
0
0
0
0
0
0
0
1
0
0
0
0
0
0
0
0
0
0
0
0
1
1
0
0
0
0
0
0
0
1
0
0
0
0
0
0
0
0
0
0
0
0
0
0
0
0
0
0
0
0
0
0
0
1
0
1
0
0
0
0
0
0
0
8
21
13
16
5
8
7
16
9
21
10
21
18
14
9
2
0
10
2
13
13
5
5
8
9
3
0
0
0
0
0
0
0
0
0
0
0
0
0
0
0
0
0
0
0
0
0
0
0
0
4
0
0
0
0
0
0
0
0
0
0
0
1
0
0
0
0
0
0
0
0
0
0
0
0
0
0
0
0
0
0
0
0
0
0
0
0
0
0
0
0
0
0
0
0
0
0
0
0
0
0
0
0
0
0
0
0
0
0
0
0
0
0
0
0
0
0
0
0
0
0
0
1
1
0
0
1
3
2
2
3
4
2
1
1
4
2
0
1
1
3
1
0
1
3
21
0
0
0
0
0
0
0
0
0
0
0
0
0
0
0
1
0
0
0
0
0
0
0
0
1
0
0
0
0
0
0
6
4
3
0
2
0
5
2
0
0
0
0
1
1
0
0
0
0
0
0
1
0
0
0
0
1
1
0
0
0
0
0
0
0
0
0
0
0
0
4
0
0
0
0
0
0
0
0
7
0
2
0
13
3
0
0
0
1
7
5
3
4
2
6
6
1
0
0
0
6
0
0
0
0
0
0
0
0
0
0
14
0
1
0
0
0
0
0
0
0
0
0
0
0
0
0
0
0
0
0
0
0
0
0
0
0
0
0
0
0
0
6
0
0
0
0
0
0
0
0
0
0
0
0
0
0
0
0
0
0
0
0
0
0
0
0
0
0
0
3
15
1
6
2
32
3
0
0
0
0
0
0
0
0
0
0
0
0
0
0
39
28
0
0
7
0
0
0
0
0
0
0
0
57
0
0
0
0
5
0
0
0
0
0
0
0
0
0
0
0
0
0
0
0
0
0
0
0
0
0
0
0
0
3
10
0
0
2
1
3
0
0
0
0
0
0
0
0
0
0
0
0
0
0
0
0
0
0
0
0
0
0
0
0
0
0
0
0
0
0
0
0
0
0
0
1
0
0
0
0
2
0
0
0
0
0
0
0
0
0
0
0
0
0
0
0
0
0
0
0
0
0
0
0
0
0
0
0
0
0
0
0
0
0
0
0
0
0
0
0
0
0
0
0
0
0
0
0
0
0
0
0
0
0
0
0
0
0
0
0
0
0
0
0
0
0
0
0
0
0
0
0
0
0
0
0
0
0
0
0
0
0
0
0
0
0
0
0
0
0
0
0
0
0
0
0
0
0
0
0
0
0
0
0
0
0
0
0
0
0
0
0
0
0
0
0
0
0
0
0
0
0
0
0
0
0
0
0
0
0
0
0
0
0
0
0
0
0
0
0
0
0
0
0
0
0
0
0
0
0
0
0
0
0
0
0
0
0
0
0
0
0
0
0
0
0
0
0
0
0
0
0
0
0
0
0
0
0
0
0
0
0
0
0
0
0
0
0
0
0
0
0
0
0
0
0
0
0
0
0
0
40
23
10
28
24
0
0
0
0
0
0
0
0
0
6
1
0
1
0
12
1
12
2
6
1
10
12
14
14
12
11
0
0
0
0
0
0
0
0
0
0
0
0
0
0
0
0
0
0
0
0
1
0
0
0
0
0
0
0
0
0
0
1
0
0
0
0
0
0
0
0
0
0
0
0
0
0
0
0
0
0
0
0
0
0
0
0
0
0
0
0
0
0
0
0
0
0
0
0
0
0
0
0
0
0
0
0
0
0
0
0
0
0
0
0
0
1
0
0
0
0
0
0
0
0
0
0
0
0
0
0
0
0
0
0
0
1
0
0
0
0
0
0
0
0
0
0
0
0
0
0
0
0
0
0
0
0
0
0
0
0
0
0
0
0
0
0
0
0
0
0
0
0
0
0
0
0
0
0
0
0
0
0
0
0
0
0
0
0
0
0
0
0
0
0
0
0
0
0
0
0
0
0
0
0
0
0
0
0
0
0
0
0
0
0
0
0
0
0
0
0
0
0
0
0
0
0
0
0
0
0
0
0
0
0
0
0
0
0
0
0
0
0
0
0
0
0
0
0
0
0
0
0
0
0
0
0
0
0
0
0
0
0
0
0
0
0
0
0
0
0
0
0
0
0
0
0
0
1
0
0
0
0
0
0
0
0
0
0
0
0
0
0
0
0
0
0
0
1
0
0
0
0
0
0
0
0
0
0
0
0
0
0
0
0
0
0
0
0
0
0
7
3
0
0
4
0
0
3
2
1
1
3
1
1
0
0
0
0
0
0
2
4
2
0
2
4
5
3
2
1
1
3
1
0
2
0
2
1
4
2
3
5
2
2
0
6
4
3
2
3
1
2
1
0
3
1
0
1
7
5
8
5
2
1
0
2
1
3
1
1
1
0
0
2
1
1
1
0
0
0
0
0
0
0
1
1
2
1
0
1
1
0
0
0
1
0
0
0
1
0
0
1
2
0
0
5
0
0
0
0
4
0
2
1
1
0
1
0
0
0
0
1
1
2
0
0
0
1
0
0
1
1
0
3
0
0
1
0
1
0
0
0
0
0
0
0
0
0
1
0
0
0
1
1
0
2
0
0
1
0
1
0
0
2
1
0
0
0
0
0
0
0
0
0
0
0
0
2
0
0
0
0
0
0
1
1
0
0
2
0
0
0
3
2
4
2
0
4
1
0
4
0
0
0
2
0
0
2
2
0
0
0
0
1
1
0
0
0
0
0
0
0
0
1
2
4
1
1
0
0
0
0
0
0
0
0
0
0
0
0
0
0
0
0
0
0
0
0
0
0
0
0
0
0
0
0
0
0
0
0
0
1
1
0
1
0
18
0
0
1
0
0
0
0
0
0
0
0
0
0
0
0
0
0
0
0
0
0
0
0
0
0
0
0
0
0
0
7
4
0
0
1
0
0
1
0
3
0
0
0
0
0
0
0
0
0
0
0
0
0
0
1
0
0
0
2
0
0
0
0
0
0
1
3
0
0
0
0
0
0
0
0
0
0
1
0
0
0
0
4
0
0
0
0
0
0
0
0
0
0
0
0
0
0
2
0
0
0
0
0
0
0
0
1
2
0
0
0
1
1
0
0
1
1
1
1
0
0
0
0
0
4
29
5
0
0
0
0
0
43
8
0
0
0
4
0
0
0
0
0
10
15
1
0
0
0
0
0
0
0
0
0
1
39
15
0
0
0
0
0
0
0
0
5
0
0
1
0
0
0
0
0
10
0
0
22
2
0
0
0
0
4
0
0
0
0
0
23
7
0
0
0
0
12
0
6
5
0
0
0
0
0
0
0
0
26
2
19
17
0
0
0
0
0
0
0
0
0
0
0
0
0
3
0
0
0
0
0
0
0
0
0
0
52
26
0
0
0
0
0
34
1
1
0
0
0
0
0
0
0
0
0
0
4
0
0
0
0
0
0
0
0
0
3
0
0
1
0
0
0
0
35
0
1
0
0
68
90
0
5
0
0
0
0
0
0
0
0
0
0
6
0
428
0
0
0
0
0
0
0
0
0
0
0
0
0
0
0
0
0
0
0
0
0
0
0
0
0
0
0
0
0
0
0
0
0
2
0
3
0
0
0
0
0
0
0
0
0
0
4
5
4
0
0
0
0
0
0
0
0
0
0
0
0
0
0
72
7
76
47
0
0
7
0
0
8
0
0
2
4
0
0
1
0
0
0
0
0
0
0
313
50
0
0
0
0
0
0
0
0
5
1
3
0
2
0
0
120
10
3
0
0
0
0
0
0
0
0
0
0
0
0
0
0
7
3
0
2
0
0
0
1
2
5
0
0
0
19
0
0
5
4
0
0
0
0
0
6
1
19
29
46
143
33
2
0
0
9
44
11
0
0
2
4
3
0
0
0
0
2
6
0
0
0
0
0
4
0
0
0
0
0
1
1
0
0
0
0
0
0
0
0
3
0
0
0
0
0
0
0
6
0
0
0
0
0
0
0
0
0
1
5
2
0
0
0
101
72
0
7
0
