FH1_S162
0
0
0
0
0
0
0
11
1
0
0
11
1
0
5
278
9
0
0
12
0
0
0
0
0
0
52
13
12
242
0
0
0
0
0
2
0
0
0
0
0
0
0
0
0
80
40
68
144
0
63
124
133
116
65
48
149
958
162
214
11
1
18
0
18
157
135
0
0
0
0
0
0
1
3
0
0
1
0
0
0
0
0
0
0
0
0
0
0
221
245
773
154
424
24
108
25
58
20
0
80
8
94
177
52
56
32
127
46
405
189
7
5
58
25
30
4
3
140
91
67
0
2
401
0
36
0
170
0
0
0
150
12
0
35
0
0
0
0
0
9
0
1
0
348
0
30
1
5
7
0
32
0
0
0
0
0
54
15
0
0
0
0
27
0
0
0
0
0
305
423
1
0
0
0
0
0
0
0
0
0
0
0
0
0
0
0
0
0
0
0
4
0
22
0
0
0
0
0
0
3
23
2
0
0
0
0
0
0
0
0
84
0
0
0
0
0
0
0
0
1
14
0
0
0
0
0
0
0
2
4
0
2
0
0
0
0
0
0
0
0
0
0
0
0
0
0
0
0
0
0
0
0
0
0
0
0
0
0
0
0
0
0
0
0
0
0
0
0
0
0
0
0
0
0
0
0
0
0
0
0
0
8
6
40
0
4
0
0
0
0
0
0
0
0
0
0
0
0
2
1
1
0
0
0
0
1
0
0
0
0
0
0
0
0
0
0
0
0
0
0
0
0
0
0
0
0
1
0
0
1
0
0
0
0
0
0
0
0
0
40
0
8
35
0
92
96
49
78
89
125
50
0
0
0
0
0
0
0
0
0
0
0
0
0
0
0
0
0
0
0
0
0
0
0
0
2
0
1
3
0
1
0
0
0
0
0
0
0
0
0
0
0
0
0
0
0
0
0
0
0
0
0
0
0
0
0
0
0
0
0
0
0
0
1
0
0
4
0
0
0
0
0
0
0
2
0
0
0
0
0
0
0
0
0
0
0
0
0
0
0
0
0
1
0
0
0
0
0
0
0
0
0
0
0
1
0
0
1
0
0
1
0
0
1
0
0
0
1
1
0
0
1
0
0
0
2
0
0
1
4
2
4
0
5
10
2
11
0
5
0
0
0
0
0
1
1
2
5
3
2
2
0
1
0
0
0
1
1
1
1
0
1
1
1
3
0
0
0
0
1
0
0
0
1
0
0
1
0
0
0
1
0
0
0
0
0
1
0
0
0
3
0
0
1
0
0
4
0
0
1
0
0
0
0
0
0
0
0
0
0
0
0
0
0
0
0
0
0
0
2
0
0
0
0
0
0
0
0
0
0
0
0
3
0
1
1
0
0
0
1
0
0
0
0
1
0
0
0
0
0
0
1
0
0
0
0
0
1
1
0
0
2
1
0
0
1
0
0
0
0
0
0
2
0
2
0
0
0
0
0
0
0
0
1
0
0
2
4
5
0
3
0
0
0
1
0
4
2
0
2
3
1
0
0
0
0
0
0
0
0
0
0
0
0
0
0
3
0
1
1
2
3
2
0
0
0
0
0
0
0
61
128
74
95
38
56
43
148
68
118
72
129
94
88
61
57
0
57
34
56
91
37
38
53
57
33
0
0
0
0
0
0
0
0
0
0
0
0
0
0
0
0
0
0
0
1
1
0
0
1
18
10
1
0
0
0
0
0
0
0
0
0
3
0
0
0
0
0
0
1
0
0
0
0
0
1
0
0
0
0
0
0
0
0
0
0
0
0
0
0
0
0
0
0
0
0
0
0
0
0
0
0
0
0
0
0
0
0
0
0
0
0
0
0
0
0
0
0
0
0
0
0
8
10
11
8
4
14
5
10
14
16
30
10
10
25
10
5
19
9
12
6
0
15
9
153
1
0
0
0
0
0
0
0
0
0
0
0
0
0
1
1
0
0
0
0
1
0
0
0
1
0
0
0
0
0
0
30
20
17
7
19
5
26
18
0
0
0
0
3
2
4
0
0
2
2
4
1
1
0
2
1
3
5
2
3
6
1
2
1
1
0
0
3
2
5
20
0
0
0
0
0
0
1
0
39
0
10
0
59
10
1
1
0
14
42
40
39
20
21
63
46
9
0
1
0
47
0
0
0
0
0
0
0
0
2
1
93
0
8
4
0
0
0
0
0
0
0
0
0
0
0
0
0
0
0
0
0
0
0
0
0
0
0
0
0
0
2
64
0
0
0
0
4
0
0
0
0
0
0
0
0
0
0
0
0
0
0
0
0
0
0
0
0
0
0
10
80
14
30
4
275
25
0
0
4
0
0
2
4
0
1
0
0
0
0
0
267
204
0
0
64
0
0
1
0
0
19
0
0
339
0
0
0
0
22
0
0
0
0
0
0
0
0
0
0
0
0
0
0
0
0
0
0
0
0
0
0
0
0
14
58
8
5
15
7
43
0
0
0
0
0
0
0
0
0
0
0
0
0
0
0
0
0
0
0
0
0
0
0
0
0
0
0
0
0
0
0
0
0
0
0
3
1
0
0
1
4
0
2
0
0
0
0
0
0
0
0
0
0
0
0
0
0
0
0
0
0
0
0
0
0
0
0
0
0
0
0
0
0
0
0
0
0
0
0
0
0
0
0
0
0
0
0
0
0
0
0
0
0
0
0
0
0
0
0
0
0
0
0
0
0
0
0
0
0
0
0
0
0
0
0
0
0
0
0
0
0
0
0
0
0
0
0
0
0
0
0
0
0
0
0
0
0
0
0
0
0
0
0
0
0
0
0
0
0
0
0
0
0
0
0
0
0
0
0
0
0
0
0
0
0
0
0
0
0
0
0
0
0
0
0
0
0
0
0
0
0
0
0
0
0
0
0
0
0
0
0
0
0
0
0
0
0
0
0
0
0
0
0
0
0
0
0
0
0
0
0
0
0
0
0
0
0
0
0
0
0
0
0
0
0
0
0
0
0
0
0
0
0
0
0
0
0
0
0
0
0
211
167
74
199
213
0
0
0
0
0
0
1
2
1
43
10
2
5
2
46
10
53
18
42
6
83
97
102
91
90
93
1
0
1
0
0
0
0
0
0
0
0
0
0
0
0
0
0
0
0
0
9
0
0
0
0
0
0
0
0
0
0
2
0
0
0
0
0
0
0
0
0
1
0
0
0
0
0
0
0
0
0
0
0
0
0
0
0
0
0
2
0
0
0
0
0
0
0
0
0
0
0
0
0
0
0
0
0
0
1
0
0
0
0
0
0
1
1
0
0
0
0
0
0
0
0
1
0
1
2
0
0
0
0
0
0
1
0
0
0
1
0
0
0
0
0
0
0
0
0
0
0
0
0
0
0
0
0
0
0
0
0
0
0
0
0
1
0
0
0
0
0
0
0
0
0
0
0
0
0
0
0
0
0
0
0
0
0
0
0
0
0
0
0
0
0
0
0
0
0
0
0
0
0
0
0
0
0
0
0
0
0
0
0
0
0
0
0
0
0
0
0
0
0
0
0
0
0
1
0
0
0
0
1
1
0
0
0
0
0
0
0
0
0
0
0
0
0
0
0
0
1
0
1
1
0
2
1
0
0
0
0
0
0
0
0
0
0
0
1
1
2
0
1
1
2
0
1
2
0
0
0
0
0
0
0
0
0
0
0
0
0
0
0
0
0
0
0
3
0
2
1
0
0
0
2
1
0
0
0
0
0
0
0
0
0
0
0
0
11
1
23
19
6
2
25
1
5
16
16
8
4
21
10
18
5
1
2
0
1
0
18
26
25
2
18
27
24
15
23
18
13
19
14
5
16
3
25
3
20
8
13
24
15
16
2
33
18
23
8
15
19
10
5
1
20
7
6
18
25
18
20
6
7
2
7
19
2
15
9
6
7
1
2
11
4
6
11
6
1
10
4
3
3
4
2
5
6
6
12
4
4
0
0
4
2
1
8
0
2
3
11
13
11
5
3
16
4
0
6
1
21
0
16
11
6
0
8
1
2
2
5
4
1
16
1
2
0
3
2
1
6
7
6
14
2
1
10
4
2
2
7
0
15
3
2
3
3
1
2
2
2
2
2
6
1
6
0
4
2
0
1
1
12
7
2
8
2
0
0
0
0
0
0
0
0
0
0
4
3
1
1
1
2
1
2
3
4
0
20
2
0
0
14
25
19
12
0
27
12
9
21
0
0
0
2
0
12
25
12
0
0
1
1
23
1
0
0
0
0
0
0
13
0
7
13
14
8
9
0
0
0
0
0
0
0
0
0
0
0
0
0
0
0
0
1
0
1
1
0
1
0
0
0
2
1
0
0
0
0
0
0
3
4
0
3
0
114
0
0
6
0
0
1
0
0
0
0
0
0
0
0
0
0
0
0
0
0
0
0
0
0
0
0
0
0
0
0
57
55
0
0
6
0
2
6
1
22
1
0
0
1
1
0
0
1
1
0
2
0
0
1
13
1
0
2
4
0
0
0
0
0
0
5
24
2
1
2
0
0
0
0
0
0
2
6
0
0
1
1
11
0
0
0
2
0
4
0
0
0
0
0
0
0
0
11
0
0
5
0
0
0
0
0
10
6
7
5
4
2
3
0
0
6
8
8
6
0
3
0
0
0
23
197
64
0
0
0
0
3
217
55
1
0
0
49
0
0
0
0
0
53
90
32
0
0
0
0
0
0
0
0
0
26
227
73
0
0
0
0
0
0
0
0
52
0
0
19
0
0
0
0
0
53
0
0
122
32
0
0
0
0
35
0
0
8
0
0
185
66
0
0
0
0
85
0
10
38
0
0
0
0
0
0
0
0
207
24
129
118
0
0
0
0
0
2
0
0
0
0
0
0
0
11
0
0
0
0
1
0
0
0
0
0
348
152
0
0
0
0
0
185
13
7
0
0
0
0
0
0
0
0
0
0
25
0
0
0
0
0
1
5
0
0
3
0
0
7
0
3
3
0
227
0
15
0
0
520
693
2
26
0
0
0
0
0
0
0
0
2
0
39
1
2920
0
0
0
0
0
0
0
0
1
0
0
0
0
0
0
0
0
0
0
0
0
0
0
0
0
0
0
0
0
0
0
0
0
2
0
37
0
0
0
6
0
0
0
1
0
0
32
20
14
15
0
0
0
5
0
0
6
0
1
6
0
0
0
393
84
459
276
6
0
65
0
0
34
0
0
29
30
0
0
4
10
0
0
0
0
0
0
2084
323
0
0
0
0
0
0
0
1
38
10
45
0
40
0
1
801
70
18
0
0
3
0
0
0
0
0
0
1
0
0
0
0
35
18
0
5
0
0
2
14
13
9
0
0
0
108
8
2
33
29
8
0
0
0
0
19
7
139
214
323
992
194
10
2
0
75
281
80
0
0
20
19
15
4
0
16
1
16
22
1
0
0
0
0
25
0
0
0
1
0
5
13
0
0
1
0
1
0
0
0
11
0
5
0
0
2
0
0
7
0
0
0
0
0
0
0
0
0
3
48
21
0
0
0
612
467
0
53
0
